Timestamp(ms),AlignedTime(s),Force,Qw,Qx,Qy,Qz,Command
30155,0.0,-183.14,0.999,0.001,0.002,0.002,S
30205,0.05,-250.05,0.999,0.003,0.005,0.005,S
30255,0.1,-78.29,0.999,0.003,0.008,0.007,S
30305,0.15,-217.29,0.999,0.002,0.012,0.009,S
30355,0.2,-175.31,0.999,0.001,0.016,0.01,S
30413,0.258,-228.79,0.999,0.0,0.019,0.011,S
30463,0.308,-244.88,0.999,-0.001,0.023,0.012,S
30513,0.358,-187.28,0.999,-0.001,0.027,0.013,S
30563,0.408,-242.55,0.999,0.0,0.03,0.013,S
30613,0.458,-250.43,0.999,0.0,0.033,0.013,S
30663,0.508,-78.73,0.999,-0.001,0.036,0.012,S
30714,0.559,-155.66,0.999,-0.003,0.038,0.012,S
30773,0.618,-181.09,0.999,-0.004,0.041,0.011,S
30823,0.668,-223.13,0.998,-0.003,0.044,0.012,S
30873,0.718,-223.13,0.998,-0.001,0.048,0.012,S
30923,0.768,-254.34,0.998,0.001,0.052,0.013,S
30973,0.818,-144.56,0.998,0.002,0.056,0.014,S
31023,0.868,-181.68,0.997,0.001,0.061,0.016,S
31074,0.919,-183.78,0.997,0.0,0.067,0.016,S
31132,0.977,-207.66,0.997,0.0,0.071,0.017,S
31182,1.027,-99.49,0.996,-0.001,0.076,0.018,S
31232,1.077,-211.51,0.996,-0.002,0.08,0.019,S
31282,1.127,-211.95,0.996,-0.006,0.085,0.019,S
31332,1.177,-208.74,0.995,-0.009,0.09,0.02,S
31382,1.227,-165.82,0.995,-0.012,0.094,0.021,S
31433,1.278,-132.34,0.994,-0.017,0.099,0.023,S
31491,1.336,-193.36,0.994,-0.022,0.103,0.024,S
31541,1.386,-199.6,0.993,-0.025,0.11,0.026,S
31591,1.436,-144.6,0.992,-0.026,0.115,0.027,S
31641,1.486,-138.29,0.991,-0.029,0.121,0.027,S
31691,1.536,-175.66,0.991,-0.033,0.125,0.028,S
31741,1.586,-180.86,0.99,-0.038,0.13,0.028,S
31791,1.636,-244.01,0.989,-0.041,0.134,0.029,S
31850,1.695,-191.9,0.988,-0.044,0.139,0.03,S
31901,1.746,-204.56,0.988,-0.045,0.143,0.03,S
31951,1.796,-191.75,0.987,-0.047,0.146,0.031,S
32001,1.846,-256.71,0.987,-0.05,0.148,0.032,S
32051,1.896,-128.11,0.986,-0.053,0.151,0.032,S
32101,1.946,-164.12,0.985,-0.055,0.154,0.033,S
32152,1.997,-202.31,0.985,-0.056,0.156,0.034,S
32210,2.055,-198.52,0.984,-0.057,0.158,0.035,S
32260,2.105,-134.05,0.984,-0.06,0.16,0.036,S
32310,2.155,-181.29,0.984,-0.063,0.161,0.037,S
32360,2.205,-140.66,0.984,-0.062,0.161,0.038,S
32410,2.255,-211.13,0.983,-0.061,0.162,0.04,S
32460,2.305,-169.62,0.983,-0.059,0.164,0.041,S
32511,2.356,-169.62,0.983,-0.057,0.167,0.043,S
32569,2.414,-165.09,0.982,-0.06,0.171,0.044,S
32619,2.464,-205.53,0.98,-0.067,0.176,0.045,S
32669,2.514,-284.35,0.979,-0.075,0.181,0.045,S
32719,2.564,-194.49,0.978,-0.077,0.185,0.046,S
32769,2.614,-203.39,0.977,-0.078,0.188,0.046,S
32819,2.664,-49.57,0.977,-0.077,0.191,0.047,S
32870,2.715,-194.72,0.976,-0.077,0.194,0.048,S
32928,2.773,-249.61,0.976,-0.078,0.196,0.049,S
32978,2.823,-236.09,0.975,-0.079,0.198,0.05,S
33028,2.873,-176.82,0.975,-0.08,0.2,0.051,S
33078,2.923,-256.96,0.974,-0.081,0.202,0.052,S
33128,2.973,-206.11,0.974,-0.082,0.204,0.053,S
33179,3.024,-184.21,0.973,-0.083,0.206,0.055,S
33229,3.074,-176.68,0.972,-0.084,0.208,0.056,S
33288,3.133,-194.09,0.972,-0.086,0.21,0.057,S
33338,3.183,-286.92,0.971,-0.088,0.212,0.059,S
33388,3.233,-164.74,0.97,-0.089,0.215,0.061,S
33438,3.283,-153.5,0.969,-0.09,0.217,0.063,S
33488,3.333,-228.35,0.968,-0.091,0.22,0.065,S
33538,3.383,-289.75,0.968,-0.091,0.222,0.067,S
33589,3.434,-180.07,0.967,-0.092,0.225,0.069,S
33647,3.492,-196.24,0.966,-0.093,0.228,0.07,S
33697,3.542,-272.18,0.965,-0.093,0.23,0.072,S
33747,3.592,-165.44,0.964,-0.094,0.233,0.074,S
33797,3.642,-184.12,0.963,-0.096,0.236,0.075,S
33847,3.692,-270.54,0.962,-0.098,0.239,0.076,S
33897,3.742,-194.09,0.962,-0.099,0.241,0.077,S
33948,3.793,-167.43,0.961,-0.1,0.244,0.078,S
34006,3.851,-184.89,0.96,-0.102,0.247,0.079,S
34056,3.901,-188.1,0.959,-0.104,0.25,0.08,S
34106,3.951,-239.83,0.958,-0.105,0.252,0.081,S
34156,4.001,-144.07,0.957,-0.106,0.255,0.081,S
34206,4.051,-122.67,0.956,-0.107,0.258,0.082,S
34256,4.101,-218.81,0.955,-0.109,0.26,0.083,S
34307,4.152,-168.16,0.954,-0.11,0.263,0.085,S
34366,4.211,-192.33,0.953,-0.111,0.266,0.085,S
34416,4.261,-90.79,0.952,-0.112,0.268,0.086,S
34466,4.311,-232.38,0.951,-0.113,0.271,0.087,S
34516,4.361,-160.77,0.95,-0.114,0.274,0.089,S
34566,4.411,-163.34,0.949,-0.115,0.277,0.089,S
34616,4.461,-228.06,0.948,-0.117,0.279,0.091,S
34667,4.512,-142.26,0.947,-0.119,0.282,0.092,S
34725,4.57,-185.82,0.946,-0.12,0.284,0.093,S
34775,4.62,-231.22,0.945,-0.122,0.287,0.094,S
34825,4.67,-160.51,0.944,-0.122,0.289,0.095,S
34875,4.72,-126.17,0.943,-0.124,0.291,0.096,S
34925,4.77,-229.23,0.942,-0.125,0.294,0.098,S
34975,4.82,-195.45,0.941,-0.127,0.296,0.099,S
35026,4.871,-240.65,0.94,-0.127,0.298,0.101,S
35084,4.929,-205.29,0.939,-0.128,0.3,0.102,S
35134,4.979,-228.94,0.938,-0.128,0.303,0.103,S
35184,5.029,-178.28,0.937,-0.13,0.305,0.105,S
35234,5.079,-197.79,0.936,-0.132,0.308,0.106,S
35284,5.129,-211.57,0.934,-0.133,0.31,0.107,S
35334,5.179,-189.09,0.933,-0.135,0.313,0.108,S
35385,5.23,-189.09,0.932,-0.137,0.315,0.109,S
35443,5.288,-228.68,0.931,-0.138,0.317,0.109,S
35493,5.338,-234.78,0.93,-0.14,0.319,0.11,S
35543,5.388,-223.1,0.929,-0.141,0.321,0.111,S
35593,5.438,-154.14,0.928,-0.141,0.324,0.113,S
35643,5.488,-177.55,0.927,-0.142,0.326,0.114,S
35694,5.539,-154.96,0.926,-0.144,0.328,0.115,S
35744,5.589,-210.98,0.925,-0.145,0.33,0.116,S
35803,5.648,-191.86,0.924,-0.146,0.332,0.118,S
35853,5.698,-192.73,0.923,-0.147,0.334,0.119,S
35903,5.748,-180.33,0.921,-0.148,0.336,0.12,S
35953,5.798,-174.2,0.92,-0.149,0.339,0.121,S
36003,5.848,-132.89,0.919,-0.151,0.34,0.122,S
36053,5.898,-202.41,0.918,-0.152,0.343,0.123,S
36104,5.949,-173.27,0.917,-0.153,0.345,0.124,S
36162,6.007,-179.4,0.916,-0.154,0.347,0.124,S
36212,6.057,-165.82,0.914,-0.155,0.35,0.126,S
36262,6.107,-175.22,0.913,-0.156,0.352,0.127,S
36312,6.157,-246.6,0.912,-0.157,0.354,0.128,S
36362,6.207,-215.69,0.911,-0.158,0.356,0.129,S
36412,6.257,-221.24,0.91,-0.16,0.358,0.13,S
36463,6.308,-195.8,0.909,-0.161,0.359,0.131,S
36521,6.366,-204.74,0.908,-0.162,0.361,0.133,S
36571,6.416,-185.0,0.907,-0.163,0.362,0.134,S
36621,6.466,-185.0,0.906,-0.164,0.364,0.135,S
36671,6.516,-228.88,0.905,-0.166,0.366,0.137,S
36721,6.566,-239.34,0.904,-0.167,0.368,0.138,S
36771,6.616,-239.34,0.902,-0.168,0.369,0.139,S
36822,6.667,-112.39,0.901,-0.169,0.371,0.14,S
36881,6.726,-196.86,0.9,-0.17,0.373,0.141,S
36931,6.776,-270.43,0.899,-0.171,0.375,0.142,S
36981,6.826,-222.4,0.898,-0.173,0.377,0.144,S
37031,6.876,-242.6,0.896,-0.174,0.379,0.145,S
37081,6.926,-165.18,0.895,-0.176,0.38,0.146,S
37131,6.976,-191.66,0.894,-0.177,0.382,0.147,S
37182,7.027,-238.37,0.893,-0.178,0.384,0.148,S
37240,7.085,-207.22,0.892,-0.179,0.385,0.149,S
37290,7.135,-207.22,0.891,-0.181,0.386,0.15,S
37340,7.185,-191.6,0.89,-0.182,0.388,0.151,S
37390,7.235,-187.63,0.889,-0.183,0.39,0.153,S
37440,7.285,-175.22,0.887,-0.184,0.391,0.154,S
37490,7.335,-198.14,0.886,-0.186,0.393,0.155,S
37541,7.386,-163.1,0.885,-0.187,0.394,0.156,S
37599,7.444,-185.82,0.884,-0.188,0.396,0.157,S
37649,7.494,-170.93,0.883,-0.189,0.397,0.159,S
37699,7.544,-151.17,0.882,-0.191,0.399,0.16,S
37749,7.594,-209.23,0.88,-0.192,0.4,0.162,S
37799,7.644,-219.74,0.879,-0.193,0.402,0.163,S
37849,7.694,-151.13,0.878,-0.193,0.403,0.165,S
37900,7.745,-141.79,0.877,-0.194,0.405,0.166,S
37958,7.803,-194.87,0.876,-0.195,0.406,0.168,S
38009,7.854,-180.66,0.875,-0.196,0.407,0.169,S
38059,7.904,-142.76,0.873,-0.198,0.409,0.171,S
38109,7.954,-151.72,0.872,-0.2,0.41,0.172,S
38159,8.004,-172.92,0.871,-0.201,0.411,0.174,S
38209,8.054,-143.49,0.87,-0.202,0.413,0.175,S
38260,8.105,-114.64,0.868,-0.204,0.414,0.177,S
38318,8.163,-145.82,0.867,-0.205,0.415,0.178,S
38368,8.213,-192.1,0.866,-0.206,0.417,0.179,S
38418,8.263,-143.54,0.865,-0.207,0.418,0.18,S
38468,8.313,-234.52,0.863,-0.208,0.42,0.182,S
38518,8.363,-157.74,0.862,-0.21,0.421,0.183,S
38568,8.413,-196.62,0.861,-0.211,0.423,0.184,S
38619,8.464,-161.24,0.86,-0.213,0.424,0.185,S
38677,8.522,-196.38,0.858,-0.215,0.425,0.186,S
38727,8.572,-204.7,0.857,-0.216,0.426,0.188,S
38777,8.622,-198.03,0.856,-0.218,0.428,0.189,S
38827,8.672,-187.57,0.854,-0.219,0.429,0.191,S
38877,8.722,-187.22,0.852,-0.221,0.431,0.193,S
38927,8.772,-155.11,0.85,-0.221,0.434,0.194,S
38978,8.823,-74.68,0.85,-0.219,0.436,0.194,S
39036,8.881,211.95,0.849,-0.219,0.438,0.195,S
39086,8.931,563.11,0.848,-0.219,0.439,0.197,S
39136,8.981,1322.72,0.844,-0.229,0.439,0.204,S
39186,9.031,2062.51,0.836,-0.25,0.436,0.217,S
39236,9.081,2838.98,0.833,-0.252,0.438,0.221,S
39287,9.132,3658.38,0.833,-0.243,0.446,0.217,S
39337,9.182,4556.36,0.829,-0.246,0.45,0.22,S
39396,9.241,5800.05,0.826,-0.251,0.452,0.223,S
39446,9.291,6305.67,0.824,-0.251,0.455,0.223,S
39496,9.341,6568.71,0.824,-0.245,0.458,0.221,S
39546,9.391,6951.35,0.821,-0.248,0.461,0.223,S
39596,9.441,7251.52,0.818,-0.253,0.463,0.226,S
39646,9.491,7505.23,0.815,-0.254,0.467,0.227,S
39697,9.542,7894.59,0.812,-0.255,0.47,0.229,S
39755,9.6,8658.56,0.81,-0.257,0.472,0.231,S
39805,9.65,9068.22,0.807,-0.262,0.473,0.233,S
39855,9.7,9430.33,0.805,-0.264,0.475,0.234,S
39905,9.75,9713.08,0.803,-0.265,0.478,0.235,S
39955,9.8,10115.76,0.802,-0.266,0.479,0.235,S
40005,9.85,10134.21,0.801,-0.266,0.481,0.235,S
40056,9.901,10046.39,0.799,-0.269,0.482,0.237,S
40114,9.959,10421.72,0.797,-0.271,0.483,0.238,S
40164,10.009,10381.14,0.795,-0.271,0.485,0.239,S
40214,10.059,10509.36,0.794,-0.271,0.487,0.24,S
40264,10.109,10361.29,0.792,-0.273,0.488,0.242,S
40314,10.159,10566.44,0.79,-0.276,0.489,0.244,S
40364,10.209,10535.05,0.788,-0.277,0.49,0.246,S
40474,10.319,10639.13,0.785,-0.28,0.491,0.25,S
40524,10.369,10684.68,0.783,-0.282,0.491,0.252,S
40574,10.419,10503.81,0.782,-0.284,0.492,0.254,S
40624,10.469,10604.48,0.781,-0.284,0.493,0.255,S
40674,10.519,10444.99,0.779,-0.285,0.493,0.257,S
40724,10.569,10565.62,0.778,-0.287,0.493,0.26,S
40775,10.62,10660.24,0.776,-0.288,0.494,0.262,S
40833,10.678,11128.49,0.774,-0.29,0.494,0.265,S
40883,10.728,11293.19,0.772,-0.292,0.495,0.267,S
40933,10.778,11290.03,0.77,-0.294,0.497,0.27,S
40983,10.828,11478.54,0.767,-0.294,0.499,0.272,S
41033,10.878,11688.1,0.764,-0.295,0.502,0.275,S
41083,10.928,11698.23,0.761,-0.297,0.504,0.278,S
41134,10.979,11823.07,0.757,-0.301,0.506,0.28,S
41192,11.037,12216.81,0.753,-0.305,0.508,0.283,S
41242,11.087,12955.06,0.75,-0.307,0.511,0.285,S
41292,11.137,13553.93,0.746,-0.31,0.513,0.287,S
41342,11.187,14363.36,0.741,-0.315,0.514,0.291,S
41392,11.237,14768.93,0.738,-0.32,0.515,0.292,S
41442,11.287,15302.5,0.737,-0.32,0.517,0.291,S
41493,11.338,15338.61,0.735,-0.32,0.52,0.292,S
41551,11.396,14750.24,0.732,-0.322,0.522,0.293,S
41601,11.446,14715.21,0.729,-0.325,0.525,0.293,S
41651,11.496,14885.56,0.727,-0.326,0.527,0.293,S
41701,11.546,14852.86,0.724,-0.329,0.529,0.293,S
41751,11.596,14721.58,0.721,-0.331,0.532,0.292,S
41802,11.647,14585.0,0.72,-0.33,0.535,0.291,S
41852,11.697,14338.25,0.718,-0.331,0.538,0.29,S
41911,11.756,15053.96,0.715,-0.332,0.541,0.289,S
41961,11.806,15523.26,0.713,-0.333,0.544,0.289,S
42011,11.856,15961.62,0.71,-0.334,0.547,0.288,S
42061,11.906,16440.18,0.707,-0.335,0.551,0.288,S
42111,11.956,16741.5,0.703,-0.335,0.556,0.288,S
42161,12.006,17343.02,0.699,-0.336,0.56,0.288,S
42212,12.057,17853.82,0.696,-0.336,0.564,0.287,S
42270,12.115,17962.77,0.693,-0.335,0.568,0.288,S
42320,12.165,17927.74,0.689,-0.338,0.57,0.29,S
42370,12.215,18509.06,0.687,-0.338,0.572,0.29,S
42420,12.265,19005.99,0.685,-0.338,0.574,0.29,S
42470,12.315,19142.97,0.683,-0.339,0.576,0.291,S
42520,12.365,19425.77,0.681,-0.34,0.577,0.292,S
42570,12.415,18334.51,0.68,-0.34,0.578,0.293,S
42629,12.474,16473.06,0.68,-0.339,0.579,0.293,S
42679,12.524,16119.03,0.68,-0.337,0.58,0.293,S
42729,12.574,15698.72,0.679,-0.339,0.58,0.294,S
42779,12.624,15040.14,0.679,-0.337,0.58,0.293,S
42829,12.674,14145.76,0.679,-0.339,0.58,0.294,S
42879,12.724,13734.21,0.679,-0.34,0.579,0.294,S
42930,12.775,13593.98,0.678,-0.341,0.579,0.294,S
42989,12.834,13892.83,0.678,-0.34,0.58,0.293,S
43039,12.884,14205.85,0.677,-0.341,0.581,0.293,S
43089,12.934,14783.61,0.676,-0.342,0.581,0.294,S
43139,12.984,15709.87,0.675,-0.343,0.582,0.293,S
43189,13.034,16103.27,0.676,-0.338,0.585,0.29,S
43239,13.084,16536.76,0.676,-0.336,0.587,0.289,S
43290,13.135,17118.08,0.675,-0.337,0.588,0.289,S
43348,13.193,18296.18,0.674,-0.337,0.589,0.288,S
43398,13.243,18344.69,0.674,-0.336,0.59,0.286,S
43448,13.293,18531.63,0.673,-0.337,0.592,0.286,S
43498,13.343,18755.65,0.673,-0.336,0.593,0.284,S
43548,13.393,18511.78,0.672,-0.335,0.595,0.281,S
43598,13.443,18492.46,0.673,-0.333,0.598,0.279,S
43648,13.493,18833.21,0.671,-0.335,0.598,0.279,S
43707,13.552,18624.23,0.67,-0.337,0.598,0.278,S
43757,13.602,18287.33,0.671,-0.336,0.599,0.276,S
43807,13.652,17633.46,0.671,-0.336,0.6,0.275,S
43857,13.702,17669.66,0.669,-0.338,0.6,0.274,S
43907,13.752,17845.94,0.668,-0.339,0.602,0.274,S
43957,13.802,17814.41,0.667,-0.339,0.603,0.273,S
44008,13.853,18623.74,0.665,-0.34,0.604,0.273,S
44066,13.911,20184.98,0.664,-0.34,0.606,0.273,S
44116,13.961,20926.68,0.662,-0.341,0.607,0.273,S
44166,14.011,21129.87,0.66,-0.342,0.608,0.274,S
44216,14.061,21713.51,0.659,-0.343,0.609,0.274,S
44266,14.111,22595.77,0.657,-0.345,0.61,0.274,S
44316,14.161,23347.21,0.657,-0.345,0.61,0.275,S
44367,14.212,23027.53,0.655,-0.347,0.61,0.276,S
44426,14.271,23458.91,0.653,-0.348,0.611,0.276,S
44476,14.321,23210.91,0.652,-0.348,0.612,0.277,S
44526,14.371,22892.88,0.65,-0.349,0.614,0.279,S
44576,14.421,23121.39,0.647,-0.35,0.615,0.28,S
44626,14.471,23604.27,0.644,-0.353,0.615,0.282,S
44676,14.521,23084.46,0.641,-0.357,0.616,0.284,S
44727,14.572,22444.51,0.637,-0.361,0.616,0.286,S
44785,14.63,20289.94,0.633,-0.367,0.615,0.291,S
44835,14.68,18793.95,0.63,-0.37,0.615,0.293,S
44885,14.73,17371.52,0.626,-0.371,0.618,0.294,S
44935,14.78,16895.47,0.621,-0.371,0.622,0.296,S
44985,14.83,16060.83,0.616,-0.371,0.626,0.299,S
45035,14.88,15890.09,0.612,-0.368,0.631,0.299,S
45086,14.931,14500.23,0.607,-0.366,0.637,0.3,S
45144,14.989,11610.93,0.602,-0.365,0.641,0.301,S
45194,15.039,8337.13,0.596,-0.366,0.644,0.306,S
45244,15.089,3395.29,0.589,-0.367,0.647,0.311,S
45294,15.139,-119.11,0.586,-0.368,0.645,0.32,S
45344,15.189,-335.21,0.589,-0.371,0.634,0.335,S
45394,15.239,-294.28,0.6,-0.372,0.615,0.348,S
45445,15.29,-260.65,0.618,-0.367,0.594,0.357,S
45503,15.348,-366.15,0.633,-0.367,0.574,0.365,S
45554,15.399,-291.5,0.647,-0.371,0.548,0.376,S
45604,15.449,-229.32,0.661,-0.374,0.526,0.381,S
45654,15.499,-262.31,0.673,-0.373,0.509,0.384,S
45704,15.549,-230.29,0.676,-0.381,0.494,0.391,S
45754,15.599,-183.25,0.675,-0.388,0.486,0.395,S
45805,15.65,-284.94,0.673,-0.393,0.484,0.395,S
45863,15.708,-222.26,0.671,-0.397,0.483,0.396,S
45913,15.758,-273.55,0.667,-0.403,0.481,0.399,S
45963,15.808,354.07,0.664,-0.405,0.483,0.4,S
46013,15.858,267.95,0.66,-0.409,0.484,0.402,S
46063,15.908,528.66,0.66,-0.408,0.485,0.401,S
46113,15.958,1326.8,0.662,-0.403,0.487,0.399,S
46164,16.009,2636.42,0.658,-0.408,0.485,0.404,S
46222,16.067,5186.05,0.654,-0.411,0.487,0.405,S
46272,16.117,6597.91,0.649,-0.415,0.488,0.408,S
46322,16.167,7681.42,0.648,-0.414,0.491,0.407,S
46372,16.217,8683.96,0.647,-0.412,0.494,0.407,S
46422,16.267,9578.11,0.645,-0.414,0.494,0.408,S
46472,16.317,10326.84,0.643,-0.417,0.494,0.409,S
46523,16.368,10902.61,0.641,-0.417,0.496,0.408,S
46581,16.426,12119.45,0.642,-0.414,0.499,0.407,S
46631,16.476,13419.87,0.639,-0.414,0.502,0.408,S
46681,16.526,14279.33,0.636,-0.416,0.504,0.407,S
46731,16.576,14548.83,0.635,-0.415,0.509,0.405,S
46781,16.626,14427.88,0.633,-0.414,0.513,0.403,S
46831,16.676,27729.72,0.631,-0.415,0.515,0.403,S
46882,16.727,15887.23,0.627,-0.419,0.517,0.404,S
46941,16.786,16977.16,0.624,-0.42,0.52,0.402,S
46991,16.836,17472.16,0.624,-0.415,0.526,0.399,S
47041,16.886,17944.03,0.622,-0.415,0.529,0.399,S
47091,16.936,19056.75,0.619,-0.416,0.532,0.398,S
47141,16.986,19656.56,0.619,-0.412,0.537,0.396,S
47191,17.036,20340.54,0.618,-0.41,0.54,0.396,S
47242,17.087,20393.82,0.618,-0.408,0.543,0.394,S
47300,17.145,21734.68,0.619,-0.406,0.544,0.393,S
47350,17.195,22237.37,0.619,-0.404,0.546,0.391,S
47400,17.245,22311.53,0.621,-0.399,0.55,0.388,S
47450,17.295,24079.45,0.622,-0.396,0.552,0.386,S
47500,17.345,22289.05,0.622,-0.394,0.555,0.385,S
47550,17.395,21552.35,0.621,-0.392,0.558,0.384,S
47601,17.446,20489.52,0.619,-0.393,0.559,0.384,S
47659,17.504,17347.59,0.618,-0.394,0.56,0.383,S
47709,17.554,15771.62,0.617,-0.393,0.563,0.382,S
47759,17.604,15380.26,0.615,-0.394,0.565,0.381,S
47809,17.654,14430.7,0.611,-0.398,0.565,0.384,S
47859,17.704,12792.39,0.608,-0.4,0.566,0.385,S
47909,17.754,11285.3,0.607,-0.399,0.568,0.385,S
47960,17.805,10599.96,0.607,-0.397,0.57,0.383,S
48018,17.863,11569.77,0.609,-0.393,0.573,0.379,S
48069,17.914,9833.45,0.609,-0.391,0.575,0.379,S
48119,17.964,11673.74,0.608,-0.391,0.576,0.378,S
48169,18.014,11390.99,0.609,-0.391,0.576,0.378,S
48219,18.064,10969.67,0.61,-0.389,0.577,0.376,S
48269,18.114,10598.7,0.612,-0.388,0.577,0.374,S
48320,18.165,10384.46,0.614,-0.387,0.577,0.373,S
48378,18.223,9788.98,0.616,-0.385,0.578,0.371,S
48428,18.273,9276.27,0.617,-0.383,0.578,0.37,S
48478,18.323,8794.41,0.618,-0.381,0.579,0.368,S
48528,18.373,8236.46,0.619,-0.38,0.579,0.367,S
48578,18.423,7475.06,0.621,-0.379,0.579,0.365,S
48628,18.473,6810.59,0.622,-0.378,0.579,0.364,S
48678,18.523,6294.58,0.623,-0.378,0.579,0.364,S
48737,18.582,6132.87,0.623,-0.377,0.579,0.363,S
48787,18.632,6340.21,0.624,-0.376,0.58,0.362,S
48837,18.682,6866.21,0.624,-0.374,0.581,0.362,S
48887,18.732,7840.24,0.624,-0.373,0.582,0.361,S
48937,18.782,9379.29,0.623,-0.371,0.585,0.36,S
48987,18.832,11369.0,0.623,-0.369,0.587,0.359,S
49038,18.883,13995.89,0.623,-0.366,0.591,0.357,S
49096,18.941,16864.52,0.622,-0.367,0.592,0.356,S
49146,18.991,18853.89,0.623,-0.365,0.594,0.352,S
49196,19.041,19238.67,0.623,-0.363,0.597,0.35,S
49246,19.091,19943.29,0.621,-0.365,0.598,0.348,S
49296,19.141,20330.61,0.62,-0.367,0.6,0.345,S
49346,19.191,32998.4,0.62,-0.368,0.601,0.341,S
49397,19.242,20686.0,0.62,-0.37,0.602,0.339,S
49456,19.301,20850.08,0.619,-0.373,0.601,0.337,S
49506,19.351,19847.67,0.619,-0.373,0.603,0.334,S
49556,19.401,19832.02,0.617,-0.376,0.605,0.332,S
49606,19.451,19698.02,0.616,-0.378,0.606,0.33,S
49656,19.501,19067.12,0.615,-0.379,0.607,0.327,S
49706,19.551,18112.89,0.613,-0.38,0.609,0.326,S
49757,19.602,18353.31,0.611,-0.38,0.612,0.325,S
49815,19.66,18984.39,0.61,-0.379,0.615,0.324,S
49865,19.71,20305.94,0.608,-0.376,0.619,0.324,S
49915,19.76,20400.59,0.603,-0.377,0.621,0.326,S
49965,19.81,20513.37,0.599,-0.377,0.625,0.327,S
50015,19.86,19522.99,0.596,-0.375,0.628,0.328,S
50065,19.91,17004.69,0.593,-0.375,0.631,0.328,S
50116,19.961,14528.01,0.59,-0.374,0.635,0.328,S
50174,20.019,10226.9,0.587,-0.372,0.638,0.327,S
50224,20.069,8049.18,0.584,-0.371,0.643,0.327,S
50274,20.119,5333.92,0.582,-0.367,0.647,0.325,S
50324,20.169,2127.07,0.587,-0.353,0.656,0.315,S
50374,20.219,-207.19,0.6,-0.33,0.663,0.301,S
50424,20.269,-350.97,0.616,-0.313,0.659,0.293,S
50475,20.32,-262.8,0.632,-0.311,0.643,0.298,S
50533,20.378,-175.6,0.643,-0.318,0.623,0.308,S
50584,20.429,25306.41,0.658,-0.326,0.598,0.318,S
50634,20.479,-243.62,0.671,-0.33,0.577,0.325,S
50734,20.579,-208.97,0.688,-0.342,0.54,0.341,S
50784,20.629,-260.56,0.691,-0.35,0.525,0.352,S
50835,20.68,-210.84,0.694,-0.352,0.515,0.357,S
50893,20.738,-201.29,0.695,-0.354,0.509,0.362,S
50943,20.788,-236.86,0.697,-0.354,0.505,0.364,S
50993,20.838,-248.39,0.695,-0.358,0.501,0.369,S
51043,20.888,-262.16,0.693,-0.36,0.499,0.372,S
51093,20.938,-145.88,0.691,-0.36,0.503,0.372,S
51143,20.988,327.71,0.685,-0.366,0.502,0.377,S
51194,21.039,1575.93,0.68,-0.372,0.503,0.38,S
51252,21.097,2460.03,0.679,-0.373,0.501,0.382,S
51302,21.147,3667.73,0.68,-0.371,0.503,0.382,S
51352,21.197,5024.46,0.675,-0.375,0.502,0.386,S
51402,21.247,6237.3,0.672,-0.379,0.502,0.388,S
51452,21.297,7257.51,0.67,-0.378,0.504,0.389,S
51502,21.347,7908.7,0.667,-0.379,0.506,0.391,S
51553,21.398,8868.76,0.664,-0.38,0.507,0.394,S
51611,21.456,10468.43,0.659,-0.384,0.507,0.398,S
51661,21.506,11111.74,0.656,-0.386,0.509,0.4,S
51711,21.556,11770.77,0.653,-0.385,0.513,0.401,S
51761,21.606,12696.1,0.649,-0.385,0.516,0.403,S
51811,21.656,13712.11,0.641,-0.391,0.518,0.407,S
51861,21.706,14396.11,0.638,-0.392,0.521,0.407,S
51912,21.757,14749.6,0.635,-0.392,0.524,0.408,S
51971,21.816,15325.85,0.631,-0.397,0.524,0.41,S
52021,21.866,15656.97,0.629,-0.398,0.526,0.409,S
52071,21.916,15978.06,0.628,-0.398,0.529,0.407,S
52121,21.966,15932.57,0.628,-0.395,0.533,0.404,S
52171,22.016,15643.2,0.631,-0.388,0.539,0.399,S
52221,22.066,15264.6,0.635,-0.379,0.545,0.394,S
52272,22.117,15615.37,0.634,-0.376,0.548,0.393,S
52330,22.175,16605.27,0.631,-0.38,0.548,0.394,S
52380,22.225,17161.29,0.633,-0.376,0.552,0.389,S
52430,22.275,17149.61,0.634,-0.37,0.556,0.387,S
52480,22.325,17383.31,0.631,-0.373,0.556,0.388,S
52530,22.375,17507.28,0.628,-0.378,0.556,0.389,S
52580,22.425,17227.21,0.626,-0.379,0.56,0.388,S
52631,22.476,16318.87,0.624,-0.378,0.563,0.386,S
52689,22.534,13715.03,0.621,-0.38,0.564,0.386,S
52739,22.584,11934.27,0.619,-0.382,0.565,0.387,S
52789,22.634,9643.21,0.615,-0.387,0.564,0.389,S
52839,22.684,8549.38,0.613,-0.391,0.564,0.389,S
52889,22.734,8222.89,0.611,-0.394,0.564,0.39,S
52939,22.784,8587.97,0.609,-0.397,0.564,0.39,S
52990,22.835,8934.16,0.608,-0.396,0.565,0.39,S
53048,22.893,8312.11,0.607,-0.395,0.567,0.389,S
53099,22.944,7997.94,0.606,-0.396,0.567,0.39,S
53149,22.994,8345.01,0.607,-0.395,0.568,0.39,S
53199,23.044,8679.93,0.608,-0.393,0.568,0.39,S
53249,23.094,8997.22,0.608,-0.392,0.568,0.39,S
53299,23.144,9693.13,0.608,-0.392,0.568,0.389,S
53350,23.195,10483.96,0.609,-0.391,0.568,0.388,S
53408,23.253,10348.5,0.612,-0.388,0.57,0.386,S
53458,23.303,10012.67,0.614,-0.384,0.572,0.384,S
53508,23.353,9925.38,0.615,-0.383,0.572,0.383,S
53558,23.403,9783.23,0.615,-0.382,0.572,0.382,S
53608,23.453,9699.85,0.616,-0.381,0.573,0.381,S
53658,23.503,9207.42,0.617,-0.38,0.573,0.381,S
53709,23.554,8901.61,0.617,-0.381,0.572,0.381,S
53767,23.612,34164.91,0.617,-0.381,0.572,0.382,S
53817,23.662,8490.2,0.617,-0.382,0.571,0.382,S
53867,23.712,8666.54,0.618,-0.381,0.571,0.381,S
53917,23.762,8932.9,0.618,-0.381,0.571,0.381,S
53967,23.812,9711.18,0.618,-0.381,0.572,0.38,S
54017,23.862,10800.2,0.619,-0.38,0.572,0.379,S
54068,23.913,11800.88,0.619,-0.379,0.574,0.377,S
54126,23.971,13730.12,0.618,-0.38,0.575,0.376,S
54176,24.021,14497.16,0.618,-0.381,0.576,0.374,S
54226,24.071,16010.61,0.618,-0.381,0.578,0.37,S
54276,24.121,16182.48,0.618,-0.381,0.58,0.367,S
54326,24.171,16861.55,0.618,-0.38,0.583,0.363,S
54376,24.221,17284.73,0.618,-0.379,0.586,0.359,S
54427,24.272,17404.37,0.618,-0.38,0.587,0.356,S
54486,24.331,18089.68,0.617,-0.381,0.589,0.354,S
54536,24.381,18320.99,0.617,-0.382,0.59,0.35,S
54586,24.431,17567.09,0.617,-0.383,0.591,0.348,S
54636,24.481,17437.21,0.616,-0.385,0.592,0.346,S
54686,24.531,16498.75,0.615,-0.386,0.593,0.345,S
54736,24.581,16327.52,0.614,-0.386,0.594,0.344,S
54787,24.632,15576.49,0.614,-0.387,0.595,0.342,S
54845,24.69,14928.51,0.614,-0.387,0.596,0.341,S
54895,24.74,14929.1,0.612,-0.389,0.597,0.34,S
54945,24.79,15204.51,0.612,-0.39,0.598,0.338,S
54995,24.84,15516.02,0.611,-0.391,0.598,0.337,S
55045,24.89,15430.13,0.61,-0.391,0.6,0.336,S
55095,24.94,15682.81,0.609,-0.392,0.601,0.336,S
55146,24.991,15844.84,0.608,-0.391,0.603,0.336,S
55204,25.049,16494.43,0.606,-0.391,0.604,0.336,S
55254,25.099,16746.03,0.605,-0.391,0.605,0.337,S
55304,25.149,17059.69,0.603,-0.39,0.607,0.337,S
55354,25.199,17420.72,0.601,-0.389,0.609,0.338,S
55404,25.249,17246.97,0.599,-0.387,0.612,0.34,S
55454,25.299,16825.93,0.596,-0.386,0.615,0.342,S
55505,25.35,16010.96,0.594,-0.382,0.617,0.343,S
55563,25.408,13439.29,0.592,-0.379,0.62,0.344,S
55614,25.459,12849.81,0.59,-0.378,0.623,0.346,S
55664,25.509,-826.06,0.587,-0.379,0.625,0.347,S
55714,25.559,11670.44,0.584,-0.379,0.626,0.348,S
55764,25.609,11665.03,0.582,-0.38,0.626,0.35,S
55814,25.659,11408.32,0.58,-0.38,0.628,0.35,S
55865,25.71,10707.94,0.579,-0.379,0.63,0.35,S
55923,25.768,6985.18,0.578,-0.377,0.633,0.349,S
55973,25.818,2624.31,0.586,-0.36,0.642,0.335,S
56023,25.868,-355.5,0.603,-0.328,0.654,0.313,S
56073,25.918,-345.51,0.617,-0.317,0.647,0.314,S
56123,25.968,-342.69,0.63,-0.321,0.627,0.325,S
56173,26.018,-297.73,0.645,-0.328,0.602,0.336,S
56224,26.069,-283.48,0.659,-0.335,0.577,0.345,S
56282,26.127,-260.76,0.67,-0.339,0.559,0.35,S
56332,26.177,-248.39,0.678,-0.347,0.54,0.357,S
56382,26.227,-270.92,0.682,-0.353,0.525,0.364,S
56432,26.277,-276.82,0.685,-0.357,0.515,0.369,S
56482,26.327,-310.92,0.687,-0.36,0.508,0.372,S
56532,26.377,-289.02,0.688,-0.364,0.502,0.375,S
56583,26.428,-277.29,0.688,-0.37,0.496,0.377,S
56641,26.486,-215.89,0.687,-0.375,0.491,0.379,S
56691,26.536,-223.13,0.686,-0.381,0.487,0.38,S
56741,26.586,-275.74,0.683,-0.387,0.487,0.38,S
56791,26.636,-77.27,0.679,-0.39,0.49,0.38,S
56841,26.686,1499.73,0.674,-0.393,0.493,0.382,S
56892,26.737,1044.34,0.671,-0.396,0.494,0.383,S
56942,26.787,2365.64,0.672,-0.392,0.496,0.384,S
57001,26.846,5126.5,0.673,-0.387,0.499,0.382,S
57051,26.896,6506.09,0.665,-0.397,0.497,0.389,S
57101,26.946,7804.03,0.66,-0.402,0.496,0.393,S
57151,26.996,8610.68,0.657,-0.403,0.498,0.395,S
57201,27.046,9322.65,0.655,-0.401,0.501,0.396,S
57251,27.096,10186.71,0.651,-0.403,0.502,0.4,S
57302,27.147,10884.46,0.647,-0.405,0.503,0.402,S
57360,27.205,11748.29,0.644,-0.406,0.505,0.404,S
57410,27.255,11968.9,0.64,-0.408,0.506,0.408,S
57460,27.305,12628.66,0.635,-0.411,0.507,0.412,S
57510,27.355,13008.43,0.63,-0.414,0.508,0.414,S
57560,27.405,13309.37,0.629,-0.411,0.513,0.413,S
57610,27.455,13986.45,0.627,-0.409,0.517,0.412,S
57661,27.506,14032.34,0.624,-0.412,0.518,0.413,S
57719,27.564,14440.05,0.623,-0.412,0.52,0.412,S
57769,27.614,14549.24,0.622,-0.412,0.522,0.411,S
57819,27.664,14851.2,0.62,-0.411,0.525,0.411,S
57869,27.714,15264.1,0.62,-0.409,0.529,0.409,S
57919,27.764,15394.95,0.618,-0.408,0.532,0.409,S
57969,27.814,16062.58,0.617,-0.405,0.537,0.407,S
58020,27.865,16582.3,0.615,-0.403,0.541,0.406,S
58079,27.924,18560.97,0.613,-0.403,0.543,0.406,S
58129,27.974,19844.23,0.613,-0.401,0.546,0.404,S
58179,28.024,20118.27,0.612,-0.399,0.55,0.402,S
58229,28.074,20366.81,0.61,-0.399,0.552,0.402,S
58279,28.124,19513.39,0.608,-0.399,0.555,0.401,S
58329,28.174,19534.96,0.606,-0.4,0.557,0.401,S
58380,28.225,19021.43,0.604,-0.4,0.56,0.4,S
58438,28.283,17634.97,0.602,-0.399,0.563,0.399,S
58488,28.333,16515.74,0.598,-0.4,0.565,0.4,S
58538,28.383,16372.54,0.597,-0.399,0.569,0.398,S
58588,28.433,16670.41,0.596,-0.398,0.571,0.398,S
58638,28.483,17195.53,0.595,-0.398,0.572,0.398,S
58688,28.533,17661.14,0.594,-0.399,0.573,0.398,S
58739,28.584,18732.05,0.593,-0.401,0.572,0.398,S
58797,28.642,18975.54,0.593,-0.4,0.573,0.397,S
58847,28.692,17784.39,0.594,-0.399,0.573,0.397,S
58897,28.742,13217.12,0.595,-0.399,0.573,0.397,S
58947,28.792,14730.92,0.595,-0.4,0.572,0.396,S
58997,28.842,13393.22,0.596,-0.401,0.571,0.395,S
59047,28.892,12381.91,0.598,-0.4,0.571,0.393,S
59098,28.943,11629.33,0.599,-0.401,0.57,0.392,S
59156,29.001,11320.25,0.6,-0.402,0.569,0.39,S
59207,29.052,10694.16,0.602,-0.401,0.57,0.388,S
59257,29.102,10151.87,0.604,-0.399,0.571,0.385,S
59307,29.152,9910.49,0.605,-0.398,0.572,0.382,S
59357,29.202,10049.64,0.605,-0.399,0.572,0.381,S
59407,29.252,10278.19,0.606,-0.399,0.573,0.379,S
59458,29.303,10588.19,0.607,-0.398,0.573,0.377,S
59516,29.361,29734.32,0.607,-0.397,0.575,0.375,S
59566,29.411,10526.82,0.608,-0.395,0.577,0.373,S
59616,29.461,10768.23,0.608,-0.393,0.579,0.372,S
59666,29.511,10903.98,0.609,-0.391,0.581,0.37,S
59716,29.561,11389.58,0.609,-0.389,0.582,0.369,S
59766,29.611,12182.6,0.61,-0.387,0.584,0.368,S
59816,29.661,12755.07,0.61,-0.387,0.584,0.368,S
59875,29.72,13612.27,0.61,-0.386,0.585,0.367,S
59925,29.77,14157.97,0.611,-0.385,0.586,0.366,S
59975,29.82,14639.15,0.611,-0.385,0.586,0.365,S
60025,29.87,14742.45,0.611,-0.385,0.586,0.364,S
60075,29.92,15150.98,0.611,-0.385,0.588,0.362,S
60125,29.97,15787.97,0.612,-0.384,0.589,0.359,S
60176,30.021,16111.77,0.614,-0.381,0.592,0.355,S
60234,30.079,16788.62,0.615,-0.378,0.594,0.352,S
60284,30.129,17077.35,0.617,-0.374,0.596,0.351,S
60334,30.179,17393.62,0.616,-0.375,0.596,0.35,S
60384,30.229,17900.5,0.615,-0.378,0.595,0.35,S
60434,30.279,18422.74,0.615,-0.38,0.595,0.348,S
60484,30.329,18467.6,0.616,-0.381,0.595,0.347,S
60535,30.38,18329.22,0.616,-0.38,0.596,0.346,S
60594,30.439,19057.48,0.616,-0.379,0.597,0.345,S
60644,30.489,19639.33,0.613,-0.382,0.597,0.346,S
60694,30.539,20247.84,0.612,-0.383,0.598,0.345,S
60744,30.589,20475.27,0.611,-0.385,0.597,0.346,S
60794,30.639,20383.4,0.609,-0.387,0.597,0.346,S
60844,30.689,20863.76,0.607,-0.388,0.599,0.346,S
60895,30.74,20584.99,0.605,-0.388,0.601,0.346,S
61003,30.848,19991.42,0.6,-0.388,0.605,0.348,S
61053,30.898,18874.87,0.597,-0.39,0.606,0.35,S
61103,30.948,18015.71,0.593,-0.393,0.607,0.352,S
61153,30.998,17142.46,0.591,-0.393,0.609,0.352,S
61203,31.048,15568.81,0.589,-0.393,0.61,0.353,S
61254,31.099,13656.99,0.586,-0.395,0.611,0.354,S
61312,31.157,11680.56,0.584,-0.397,0.612,0.354,S
61362,31.207,11155.68,0.582,-0.397,0.614,0.353,S
61412,31.257,9681.6,0.582,-0.397,0.615,0.352,S
61462,31.307,7619.18,0.581,-0.396,0.617,0.35,S
61512,31.357,5150.38,0.584,-0.387,0.623,0.344,S
61562,31.407,2142.65,0.599,-0.357,0.64,0.32,S
61613,31.458,-136.04,0.618,-0.316,0.657,0.291,S
61672,31.517,-290.54,0.63,-0.298,0.657,0.284,S
61722,31.567,-250.05,0.645,-0.295,0.642,0.289,S
61772,31.617,-230.58,0.659,-0.3,0.621,0.297,S
61822,31.667,-189.23,0.674,-0.309,0.596,0.304,S
61872,31.717,-163.05,0.69,-0.313,0.574,0.307,S
61922,31.767,-215.45,0.702,-0.32,0.553,0.312,S
61973,31.818,-156.19,0.711,-0.326,0.535,0.317,S
62031,31.876,-224.89,0.714,-0.335,0.52,0.326,S
62081,31.926,-275.68,0.718,-0.338,0.51,0.33,S
62131,31.976,6213.71,0.721,-0.338,0.503,0.334,S
62181,32.026,-171.61,0.721,-0.341,0.499,0.338,S
62231,32.076,-134.38,0.718,-0.345,0.496,0.343,S
62281,32.126,-168.45,0.713,-0.347,0.499,0.347,S
62332,32.177,-173.5,0.709,-0.342,0.51,0.344,S
62390,32.235,1892.89,0.706,-0.344,0.512,0.346,S
62440,32.285,2066.54,0.702,-0.347,0.513,0.349,S
62490,32.335,3431.1,0.699,-0.351,0.51,0.355,S
62540,32.385,4786.67,0.695,-0.358,0.508,0.359,S
62590,32.435,5887.6,0.689,-0.367,0.506,0.365,S
62640,32.485,6869.07,0.685,-0.371,0.506,0.367,S
62691,32.536,7348.1,0.684,-0.37,0.508,0.368,S
62749,32.594,8288.61,0.681,-0.372,0.508,0.371,S
62800,32.645,8590.3,0.679,-0.372,0.51,0.373,S
62850,32.695,9282.31,0.677,-0.371,0.512,0.373,S
62900,32.745,9667.19,0.673,-0.374,0.513,0.377,S
62950,32.795,10435.21,0.667,-0.378,0.515,0.38,S
63000,32.845,11402.48,0.662,-0.383,0.516,0.384,S
63051,32.896,12243.53,0.655,-0.389,0.517,0.388,S
63109,32.954,14340.82,0.652,-0.389,0.519,0.389,S
63159,33.004,14741.72,0.648,-0.39,0.522,0.391,S
63209,33.054,15492.52,0.644,-0.394,0.523,0.393,S
63259,33.104,15400.74,0.639,-0.398,0.525,0.395,S
63309,33.154,16244.13,0.635,-0.4,0.527,0.396,S
63359,33.204,16344.27,0.631,-0.403,0.529,0.397,S
63410,33.255,17103.63,0.626,-0.407,0.53,0.398,S
63468,33.313,18336.85,0.623,-0.409,0.532,0.399,S
63518,33.363,19343.92,0.62,-0.411,0.534,0.399,S
63568,33.413,19754.8,0.616,-0.416,0.534,0.401,S
63618,33.463,20861.22,0.616,-0.416,0.536,0.399,S
63668,33.513,20914.36,0.617,-0.414,0.538,0.396,S
63718,33.563,20535.17,0.617,-0.413,0.54,0.395,S
63769,33.614,20478.24,0.617,-0.411,0.542,0.393,S
63827,33.672,19569.74,0.617,-0.409,0.545,0.391,S
63877,33.722,18633.87,0.616,-0.407,0.549,0.389,S
63927,33.772,17242.59,0.616,-0.404,0.553,0.387,S
63977,33.822,16959.11,0.613,-0.406,0.555,0.387,S
64027,33.872,16698.26,0.609,-0.409,0.556,0.388,S
64078,33.923,17517.11,0.607,-0.409,0.56,0.386,S
64128,33.973,17799.67,0.603,-0.411,0.562,0.387,S
64187,34.032,17594.34,0.6,-0.413,0.564,0.387,S
64237,34.082,17170.04,0.596,-0.417,0.565,0.389,S
64287,34.132,16807.68,0.593,-0.418,0.566,0.388,S
64337,34.182,15844.06,0.592,-0.418,0.568,0.388,S
64387,34.232,15054.34,0.591,-0.418,0.569,0.387,S
64437,34.282,13584.68,0.589,-0.42,0.569,0.388,S
64488,34.333,12476.65,0.587,-0.422,0.568,0.39,S
64546,34.391,11280.78,0.589,-0.42,0.57,0.387,S
64596,34.441,11383.74,0.591,-0.416,0.572,0.385,S
64646,34.491,11609.62,0.591,-0.415,0.574,0.385,S
64696,34.541,11963.02,0.591,-0.413,0.575,0.384,S
64746,34.591,12387.31,0.591,-0.411,0.577,0.383,S
64796,34.641,12315.58,0.592,-0.409,0.578,0.382,S
64847,34.692,11882.44,0.592,-0.408,0.579,0.382,S
64905,34.75,10414.83,0.593,-0.408,0.578,0.381,S
64955,34.8,9604.42,0.596,-0.405,0.579,0.378,S
65005,34.85,8893.82,0.599,-0.403,0.579,0.376,S
65055,34.9,8700.22,0.6,-0.403,0.579,0.375,S
65105,34.95,9028.9,0.601,-0.402,0.579,0.375,S
65155,35.0,8989.87,0.602,-0.4,0.58,0.373,S
65206,35.051,8951.68,0.603,-0.398,0.581,0.371,S
65265,35.11,9317.49,0.605,-0.396,0.582,0.369,S
65315,35.16,9990.34,0.606,-0.393,0.584,0.368,S
65365,35.21,9990.34,0.607,-0.39,0.586,0.366,S
65415,35.26,12214.77,0.608,-0.387,0.587,0.366,S
65465,35.31,13176.74,0.61,-0.385,0.588,0.364,S
65515,35.36,15402.78,0.612,-0.382,0.589,0.362,S
65566,35.411,15566.82,0.613,-0.381,0.589,0.361,S
65624,35.469,18113.42,0.612,-0.383,0.589,0.362,S
65674,35.519,19675.43,0.613,-0.382,0.589,0.36,S
65724,35.569,20358.0,0.613,-0.384,0.588,0.36,S
65774,35.619,20319.86,0.613,-0.386,0.586,0.359,S
65824,35.669,19931.96,0.615,-0.388,0.586,0.355,S
65874,35.719,18795.31,0.616,-0.388,0.588,0.349,S
65925,35.77,18235.3,0.617,-0.389,0.589,0.345,S
65983,35.828,17434.49,0.617,-0.389,0.59,0.342,S
66033,35.878,17048.01,0.617,-0.392,0.589,0.343,S
66083,35.928,17200.15,0.616,-0.394,0.589,0.341,S
66133,35.978,17866.28,0.616,-0.395,0.59,0.339,S
66183,36.028,17753.15,0.615,-0.394,0.592,0.338,S
66233,36.078,17665.33,0.614,-0.395,0.593,0.338,S
66284,36.129,18443.55,0.613,-0.394,0.595,0.337,S
66343,36.188,19491.35,0.611,-0.394,0.596,0.338,S
66393,36.238,19465.95,0.61,-0.394,0.597,0.337,S
66443,36.288,18769.95,0.608,-0.396,0.599,0.338,S
66493,36.338,18703.94,0.606,-0.397,0.6,0.337,S
66543,36.388,17738.65,0.604,-0.397,0.602,0.336,S
66593,36.438,17108.1,0.603,-0.397,0.604,0.335,S
66644,36.489,16012.33,0.601,-0.397,0.606,0.335,S
66702,36.547,14256.89,0.599,-0.397,0.608,0.334,S
66752,36.597,13093.0,0.6,-0.395,0.611,0.331,S
66802,36.647,11284.48,0.603,-0.389,0.615,0.324,S
66852,36.697,9036.93,0.605,-0.384,0.62,0.317,S
66902,36.747,6212.72,0.608,-0.375,0.627,0.309,S
66952,36.797,2938.59,0.622,-0.344,0.642,0.283,S
67003,36.848,74.39,0.638,-0.31,0.654,0.26,S
67061,36.906,-214.72,0.647,-0.301,0.65,0.258,S
67111,36.956,-200.47,0.656,-0.306,0.634,0.268,S
67161,37.006,-229.61,0.668,-0.314,0.614,0.276,S
67211,37.056,-198.23,0.68,-0.322,0.594,0.282,S
67261,37.106,-248.35,0.69,-0.33,0.574,0.289,S
67311,37.156,-161.82,0.698,-0.337,0.556,0.296,S
67362,37.207,-200.36,0.704,-0.343,0.541,0.304,S
67420,37.265,-189.47,0.709,-0.345,0.531,0.309,S
67470,37.315,-117.3,0.713,-0.347,0.519,0.316,S
67520,37.365,-109.68,0.715,-0.352,0.508,0.324,S
67570,37.415,-232.53,0.716,-0.356,0.5,0.329,S
67620,37.465,-238.32,0.718,-0.357,0.495,0.332,S
67671,37.516,-145.97,0.717,-0.359,0.492,0.337,S
67721,37.566,-103.49,0.714,-0.36,0.493,0.34,S
67780,37.625,-160.13,0.711,-0.359,0.497,0.342,S
67830,37.675,1115.58,0.709,-0.356,0.504,0.339,S
67880,37.725,939.1,0.704,-0.359,0.507,0.341,S
67930,37.775,1442.45,0.704,-0.358,0.508,0.341,S
67980,37.825,27845.42,0.703,-0.357,0.508,0.343,S
68030,37.875,3201.54,0.7,-0.361,0.506,0.348,S
68081,37.926,4508.92,0.691,-0.373,0.503,0.357,S
68139,37.984,6112.55,0.686,-0.378,0.505,0.361,S
68189,38.034,6511.64,0.683,-0.377,0.508,0.362,S
68239,38.084,6911.9,0.68,-0.377,0.51,0.365,S
68289,38.134,7621.62,0.676,-0.378,0.512,0.37,S
68339,38.184,8357.18,0.668,-0.384,0.513,0.375,S
68389,38.234,8751.75,0.663,-0.387,0.516,0.378,S
68440,38.285,9024.08,0.659,-0.386,0.52,0.381,S
68498,38.343,9830.82,0.654,-0.388,0.522,0.383,S
68548,38.393,10416.18,0.649,-0.39,0.526,0.385,S
68598,38.443,11302.09,0.645,-0.389,0.53,0.387,S
68648,38.493,12373.35,0.64,-0.393,0.532,0.39,S
68698,38.543,13269.63,0.635,-0.396,0.534,0.391,S
68748,38.593,14014.04,0.633,-0.398,0.537,0.389,S
68799,38.644,14141.68,0.631,-0.399,0.539,0.387,S
68858,38.703,14848.52,0.63,-0.401,0.54,0.386,S
68908,38.753,15120.43,0.628,-0.403,0.542,0.384,S
68958,38.803,15724.12,0.626,-0.402,0.546,0.382,S
69008,38.853,15944.45,0.624,-0.403,0.55,0.38,S
69058,38.903,16090.13,0.619,-0.405,0.553,0.381,S
69108,38.953,16535.5,0.616,-0.406,0.555,0.381,S
69159,39.004,17130.23,0.614,-0.406,0.558,0.381,S
69217,39.062,17953.92,0.611,-0.406,0.561,0.381,S
69267,39.112,20872.26,0.607,-0.408,0.563,0.383,S
69317,39.162,18001.02,0.604,-0.407,0.567,0.382,S
69367,39.212,17226.1,0.601,-0.406,0.571,0.383,S
69417,39.262,17096.36,0.597,-0.407,0.573,0.384,S
69467,39.312,17004.6,0.594,-0.407,0.577,0.382,S
69518,39.363,17251.24,0.592,-0.405,0.581,0.381,S
69576,39.421,16987.61,0.59,-0.405,0.583,0.382,S
69626,39.471,16089.93,0.588,-0.406,0.584,0.384,S
69676,39.521,14788.92,0.587,-0.406,0.584,0.385,S
69726,39.571,13404.6,0.588,-0.403,0.585,0.384,S
69776,39.621,12016.63,0.59,-0.401,0.585,0.383,S
69826,39.671,11642.61,0.593,-0.397,0.585,0.383,S
69876,39.721,11146.1,0.593,-0.396,0.585,0.384,S
69936,39.781,10875.17,0.594,-0.395,0.585,0.384,S
69986,39.831,10734.11,0.596,-0.392,0.586,0.383,S
70036,39.881,10371.36,0.597,-0.39,0.586,0.382,S
70086,39.931,10071.88,0.6,-0.387,0.585,0.381,S
70136,39.981,9636.68,0.603,-0.385,0.584,0.38,S
70186,40.031,9372.96,0.605,-0.384,0.584,0.379,S
70237,40.082,9267.77,0.607,-0.383,0.583,0.379,S
70295,40.14,9345.17,0.609,-0.381,0.584,0.377,S
70345,40.19,9565.26,0.61,-0.378,0.585,0.375,S
70395,40.24,9342.54,0.611,-0.376,0.585,0.375,S
70445,40.29,9219.1,0.611,-0.376,0.586,0.375,S
70495,40.34,9203.43,0.611,-0.376,0.585,0.375,S
70545,40.39,9014.3,0.611,-0.375,0.586,0.374,S
70595,40.44,9145.33,0.612,-0.374,0.586,0.374,S
70654,40.499,10060.69,0.612,-0.373,0.586,0.374,S
70704,40.549,10775.13,0.613,-0.373,0.587,0.373,S
70754,40.599,11252.31,0.614,-0.37,0.588,0.372,S
70804,40.649,11801.23,0.614,-0.371,0.587,0.371,S
70854,40.699,12940.06,0.616,-0.37,0.588,0.368,S
70904,40.749,13803.84,0.618,-0.367,0.59,0.365,S
70955,40.8,14846.24,0.617,-0.369,0.59,0.364,S
71013,40.858,17210.66,0.616,-0.372,0.591,0.362,S
71064,40.909,17210.66,0.615,-0.374,0.593,0.358,S
71114,40.959,17346.91,0.613,-0.377,0.594,0.356,S
71164,41.009,17447.69,0.611,-0.38,0.596,0.354,S
71264,41.109,17770.52,0.612,-0.38,0.599,0.348,S
71315,41.16,17283.79,0.61,-0.381,0.601,0.347,S
71373,41.218,16950.79,0.608,-0.384,0.601,0.347,S
71423,41.268,17273.83,0.608,-0.385,0.602,0.344,S
71473,41.318,17420.13,0.608,-0.386,0.602,0.342,S
71523,41.368,17216.7,0.607,-0.389,0.601,0.342,S
71573,41.418,20813.4,0.607,-0.39,0.601,0.341,S
71623,41.468,17277.34,0.607,-0.391,0.601,0.339,S
71674,41.519,17008.01,0.606,-0.391,0.603,0.338,S
71732,41.577,16812.12,0.607,-0.391,0.603,0.338,S
71782,41.627,16938.33,0.605,-0.391,0.605,0.338,S
71832,41.677,16911.12,0.604,-0.39,0.606,0.337,S
71882,41.727,16054.08,0.602,-0.391,0.607,0.338,S
71932,41.777,15670.4,0.599,-0.393,0.608,0.339,S
71982,41.827,15492.08,0.597,-0.396,0.607,0.34,S
72033,41.878,14345.49,0.597,-0.397,0.608,0.338,S
72091,41.936,11675.05,0.598,-0.395,0.61,0.334,S
72141,41.986,11695.54,0.599,-0.394,0.612,0.331,S
72191,42.036,11906.71,0.597,-0.393,0.615,0.331,S
72241,42.086,11871.64,0.594,-0.392,0.617,0.333,S
72291,42.136,11149.99,0.593,-0.388,0.62,0.334,S
72341,42.186,9994.95,0.592,-0.385,0.623,0.334,S
72392,42.237,8498.05,0.593,-0.379,0.627,0.332,S
72451,42.296,2251.35,0.601,-0.362,0.637,0.318,S
72501,42.346,-127.43,0.627,-0.311,0.659,0.274,S
72551,42.396,25179.18,0.643,-0.289,0.658,0.262,S
72601,42.446,-175.84,0.655,-0.295,0.636,0.277,S
72651,42.496,-214.48,0.673,-0.298,0.613,0.285,S
72701,42.546,-233.61,0.692,-0.299,0.587,0.292,S
72752,42.597,-209.52,0.706,-0.304,0.562,0.303,S
72810,42.655,-52.55,0.714,-0.309,0.543,0.311,S
72860,42.705,-125.44,0.722,-0.312,0.529,0.316,S
72910,42.755,-84.75,0.726,-0.315,0.519,0.32,S
72960,42.805,-141.39,0.727,-0.318,0.513,0.324,S
73010,42.855,-175.02,0.726,-0.322,0.51,0.329,S
73060,42.905,-166.61,0.722,-0.325,0.511,0.332,S
73111,42.956,-189.96,0.717,-0.329,0.513,0.336,S
73169,43.014,1024.0,0.712,-0.331,0.518,0.337,S
73219,43.064,1292.68,0.706,-0.338,0.52,0.341,S
73269,43.114,2142.3,0.704,-0.339,0.521,0.342,S
73319,43.164,2997.42,0.702,-0.34,0.52,0.346,S
73369,43.214,4420.9,0.699,-0.341,0.52,0.35,S
73419,43.264,5975.22,0.69,-0.353,0.517,0.359,S
73470,43.315,7038.46,0.683,-0.362,0.517,0.364,S
73529,43.374,8686.94,0.682,-0.36,0.52,0.364,S
73579,43.424,9411.93,0.68,-0.36,0.521,0.367,S
73629,43.474,10160.83,0.677,-0.363,0.52,0.372,S
73679,43.524,10893.91,0.67,-0.371,0.518,0.377,S
73729,43.574,11283.95,0.665,-0.375,0.52,0.38,S
73779,43.624,11535.56,0.661,-0.375,0.523,0.384,S
73830,43.675,12186.31,0.655,-0.376,0.526,0.387,S
73888,43.733,13908.74,0.649,-0.38,0.529,0.391,S
73938,43.783,14845.42,0.644,-0.381,0.533,0.393,S
73988,43.833,15102.51,0.64,-0.38,0.538,0.393,S
74038,43.883,15104.46,0.636,-0.382,0.539,0.396,S
74088,43.933,15685.24,0.631,-0.387,0.539,0.398,S
74138,43.983,15595.57,0.63,-0.387,0.543,0.397,S
74189,44.034,16118.93,0.627,-0.387,0.546,0.397,S
74247,44.092,17887.25,0.624,-0.387,0.549,0.397,S
74297,44.142,18894.23,0.621,-0.389,0.551,0.398,S
74347,44.192,19368.11,0.618,-0.39,0.554,0.397,S
74397,44.242,18915.34,0.616,-0.388,0.558,0.396,S
74447,44.292,18908.97,0.614,-0.387,0.561,0.396,S
74497,44.342,18510.32,0.612,-0.387,0.564,0.394,S
74548,44.393,19171.96,0.611,-0.384,0.569,0.392,S
74607,44.452,18565.44,0.609,-0.383,0.571,0.392,S
74657,44.502,18792.92,0.607,-0.385,0.573,0.392,S
74707,44.552,18269.61,0.603,-0.387,0.576,0.392,S
74757,44.602,18350.97,0.598,-0.389,0.578,0.393,S
74807,44.652,18204.21,0.594,-0.392,0.581,0.393,S
74857,44.702,17883.16,0.59,-0.396,0.581,0.395,S
74908,44.753,17011.9,0.586,-0.398,0.583,0.395,S
74966,44.811,13484.74,0.584,-0.4,0.583,0.397,S
75016,44.861,12176.58,0.581,-0.402,0.583,0.398,S
75066,44.911,11156.85,0.58,-0.403,0.583,0.398,S
75116,44.961,11036.67,0.581,-0.402,0.584,0.397,S
75166,45.011,11098.13,0.58,-0.403,0.584,0.397,S
75216,45.061,11271.98,0.581,-0.402,0.584,0.397,S
75267,45.112,11172.52,0.582,-0.4,0.586,0.395,S
75325,45.17,10746.86,0.583,-0.399,0.586,0.395,S
75375,45.22,10479.68,0.584,-0.397,0.587,0.394,S
75425,45.27,10161.65,0.586,-0.395,0.587,0.392,S
75475,45.32,9751.32,0.588,-0.394,0.587,0.391,S
75525,45.37,9206.55,0.59,-0.391,0.588,0.389,S
75575,45.42,8826.34,0.593,-0.389,0.588,0.387,S
75626,45.471,8837.87,0.595,-0.387,0.588,0.385,S
75684,45.529,9069.33,0.596,-0.387,0.588,0.385,S
75735,45.58,9483.08,0.597,-0.385,0.589,0.384,S
75785,45.63,9646.07,0.598,-0.382,0.59,0.382,S
75835,45.68,9786.21,0.598,-0.381,0.591,0.382,S
75885,45.73,9996.03,0.598,-0.379,0.592,0.382,S
75935,45.78,10093.72,0.599,-0.379,0.591,0.382,S
75986,45.831,10521.28,0.599,-0.38,0.59,0.383,S
76044,45.889,12277.74,0.601,-0.38,0.589,0.382,S
76094,45.939,12793.56,0.605,-0.378,0.588,0.38,S
76144,45.989,13747.64,0.609,-0.376,0.586,0.376,S
76194,46.039,13771.29,0.611,-0.377,0.585,0.374,S
76244,46.089,14387.82,0.613,-0.377,0.585,0.371,S
76294,46.139,14537.85,0.614,-0.379,0.585,0.367,S
76345,46.19,14530.88,0.615,-0.381,0.585,0.364,S
76403,46.248,15261.97,0.614,-0.385,0.584,0.363,S
76453,46.298,15834.13,0.614,-0.387,0.585,0.36,S
76503,46.348,15946.0,0.614,-0.388,0.585,0.358,S
76553,46.398,16071.39,0.614,-0.389,0.585,0.357,S
76603,46.448,16014.9,0.612,-0.393,0.584,0.358,S
76653,46.498,15522.33,0.611,-0.397,0.583,0.357,S
76704,46.549,15444.73,0.612,-0.398,0.583,0.353,S
76762,46.607,14316.41,0.612,-0.399,0.583,0.351,S
76812,46.657,14007.56,0.613,-0.4,0.583,0.35,S
76862,46.707,14187.99,0.614,-0.401,0.583,0.348,S
76912,46.757,15206.88,0.616,-0.399,0.583,0.346,S
76962,46.807,15906.97,0.614,-0.4,0.584,0.345,S
77013,46.858,16811.72,0.613,-0.4,0.587,0.344,S
77063,46.908,17631.32,0.611,-0.401,0.588,0.344,S
77122,46.967,17474.84,0.611,-0.399,0.59,0.343,S
77172,47.017,16959.88,0.609,-0.397,0.593,0.344,S
77222,47.067,16812.5,0.606,-0.397,0.596,0.345,S
77272,47.117,15475.33,0.602,-0.398,0.597,0.348,S
77322,47.167,14543.4,0.6,-0.397,0.599,0.348,S
77372,47.217,12963.56,0.597,-0.397,0.602,0.348,S
77422,47.267,11656.28,0.595,-0.396,0.606,0.347,S
77481,47.326,8054.03,0.593,-0.392,0.611,0.345,S
77531,47.376,3876.12,0.599,-0.377,0.621,0.335,S
77581,47.426,265.72,0.613,-0.346,0.637,0.312,S
77631,47.476,-202.17,0.621,-0.336,0.635,0.311,S
77681,47.526,-160.8,0.627,-0.346,0.615,0.326,S
77731,47.576,-135.46,0.638,-0.356,0.593,0.336,S
77782,47.627,-128.25,0.65,-0.362,0.573,0.34,S
77840,47.685,-92.98,0.659,-0.368,0.558,0.343,S
77890,47.735,-137.5,0.663,-0.38,0.54,0.351,S
77940,47.785,-97.16,0.663,-0.391,0.526,0.359,S
77990,47.835,-84.66,0.662,-0.398,0.517,0.366,S
78040,47.885,-167.37,0.66,-0.401,0.512,0.372,S
78090,47.935,-540.39,0.658,-0.403,0.511,0.378,S
78141,47.986,-99.6,0.653,-0.405,0.51,0.384,S
78200,48.045,536.3,0.649,-0.408,0.511,0.387,S
78250,48.095,645.44,0.642,-0.413,0.512,0.392,S
78300,48.145,1511.26,0.639,-0.415,0.513,0.393,S
78350,48.195,2879.67,0.639,-0.414,0.513,0.395,S
78400,48.245,4733.33,0.636,-0.417,0.512,0.397,S
78450,48.295,6646.66,0.628,-0.425,0.511,0.402,S
78501,48.346,8362.53,0.626,-0.428,0.511,0.403,S
78559,48.404,9270.14,0.626,-0.426,0.512,0.403,S
78609,48.454,9970.72,0.624,-0.427,0.511,0.406,S
78659,48.504,10679.95,0.62,-0.429,0.513,0.408,S
78709,48.554,11007.33,0.616,-0.428,0.517,0.41,S
78759,48.604,11262.39,0.614,-0.424,0.523,0.411,S
78809,48.654,11411.53,0.609,-0.42,0.529,0.413,S
78860,48.705,11715.54,0.603,-0.42,0.534,0.417,S
78918,48.763,11632.83,0.598,-0.418,0.538,0.419,S
78968,48.813,11946.96,0.593,-0.417,0.543,0.422,S
79018,48.863,12499.13,0.588,-0.416,0.547,0.424,S
79068,48.913,12830.25,0.582,-0.417,0.551,0.426,S
79118,48.963,13104.43,0.578,-0.417,0.554,0.428,S
79168,49.013,13398.32,0.573,-0.418,0.556,0.43,S
79219,49.064,13506.25,0.568,-0.42,0.559,0.432,S
79277,49.122,14798.45,0.565,-0.421,0.561,0.432,S
79328,49.173,15911.55,0.563,-0.418,0.566,0.431,S
79378,49.223,16908.2,0.559,-0.419,0.569,0.432,S
79428,49.273,17752.57,0.555,-0.42,0.572,0.432,S
79478,49.323,18558.98,0.554,-0.419,0.574,0.431,S
79528,49.373,19009.93,0.554,-0.417,0.578,0.429,S
79579,49.424,18824.69,0.552,-0.415,0.581,0.428,S
79637,49.482,18729.08,0.55,-0.415,0.583,0.427,S
79687,49.532,31007.26,0.549,-0.412,0.589,0.425,S
79737,49.582,17890.86,0.547,-0.41,0.593,0.424,S
79787,49.632,16359.11,0.542,-0.41,0.596,0.424,S
79837,49.682,14666.34,0.537,-0.414,0.598,0.426,S
79887,49.732,12303.43,0.531,-0.417,0.6,0.427,S
79938,49.783,9680.29,0.525,-0.42,0.601,0.43,S
79996,49.841,2204.29,0.524,-0.419,0.603,0.429,S
80046,49.891,124.31,0.523,-0.42,0.603,0.43,S
80096,49.941,-196.13,0.525,-0.423,0.595,0.436,S
80146,49.991,-222.7,0.53,-0.426,0.583,0.442,S
80196,50.041,-232.62,0.538,-0.427,0.569,0.449,S
80246,50.091,-132.16,0.55,-0.424,0.555,0.456,S
80297,50.142,-224.74,0.568,-0.411,0.545,0.458,S
80355,50.2,-196.86,0.587,-0.395,0.539,0.455,S
80405,50.25,-129.09,0.609,-0.374,0.533,0.451,S
80455,50.3,-170.88,0.624,-0.362,0.522,0.454,S
80505,50.35,-106.32,0.633,-0.359,0.505,0.461,S
80555,50.4,-118.18,0.64,-0.359,0.489,0.469,S
80605,50.45,-114.24,0.647,-0.358,0.475,0.476,S
80656,50.501,-163.87,0.653,-0.354,0.466,0.478,S
80715,50.56,-166.35,0.658,-0.35,0.461,0.48,S
80765,50.61,-180.56,0.663,-0.342,0.46,0.479,S
80815,50.66,-159.64,0.666,-0.335,0.462,0.478,S
